###===================== LOAD TEXTURES ===================###
# Id	FilePath			R	G	B
[TEXTURES]
1000	Resources/Enemy/enemies.png	255	0	255
1001	Resources/item.png	255	255	0
1002	Resources/item2.png	255	255	0
1003	Resources/Scene//Map/congngang.png	255	255	0
1004	Resources/Scene//Map/congdoc.png	255	255	0
1005	Resources/Enemy/Boss.png	255	0	255
1006	Resources/Enemy/bulletboss.png	255	0	255
###===================== LOAD SPRITE ===================###
# id	left	top	right	bottom	texture_id

[SPRITES]

##----------------------------ENEMY OVERWORLD-----------------------------##
#EyeBall
#fly
20000	98	549	114	565	1000
20001	132	549	148	565	1000
#Attack
20002	115	549	131	565	1000

#Teleporters
#tele
20100	94	567	118	599	1000
#Freeze
20101	67	567	91	599	1000

#Cannons
#normal
20200	92	602	118	628	1000
#Attack_horizontal
20201	64	602	88	628	1000
#Attack_vertical
20202	37	602	63	628	1000	
#cong ngang
99801	0	0	63	95	1003
#cong doc
99802	0	0	32	71	1004
#cong doc
#ENEMY DIE
70000	176	94	183	102	1001
70001	192	91	208	104	1001
70002	213	90	229	106	1001

##--------------------------------BULLET ENEMY---------------------------------##
#BulletEyeballs
100000	358	110	366	118	1002


##----------------------------BOSS-----------------------------##
#BOSS
#Head
20300	84	440	144	505	1005
20301	149	440	209	505	1005
20302	215	440	275	505	1005
20303	281	440	341	505	1005

#Attack giống head

#DIE
20309	84	440	144	505	1005
20310	80	303	140	367	1005
20311	85	578	145	641	1005
20312	84	715	144	779	1005
20313	86	853	146	917	1005
20314	85	992	145	1056	1005

#Hand right
#Claw
20304	190	1147	208	1179	1005
#Bones
20305	188	1129	204	1146	1005

#Hand left
#Claw
20306	218	1147	236	1179	1005
#Bones
20307	222	1129	238	1146	1005

#BulletBoss
20308	57	59	66	68	1006

###================ LOAD ANIMATIONS ==================###
[ANIMATIONS]
# ani_id	sprite1_id	time1	sprite2_id	time2	...

##::::::::::::::::::::::::::::::::::::::::::::::::: ENEMY OVERWORLD ::::::::::::::::::::::::::::::::::::::::::::##
#EyeBalls
#fly
2000	20000	200	20001	200
#Attack
2001	20002	500
#Teleporters
#tele
2100	20100	100
#Freeze
2101	20101	500
#Cannons
#normal
2200	20200	100
#Attack_horizontal
2201	20201	100
#Attack_vertical
2202	20202	100
#gate ngang
2203	99801	100
#gate doc
2204	99802	100
#ENEMY DIE
7000	70000	50	70001	50	70002	50
#gate image ngang
99803	99801	100
99804	99802	100
#gate image doc
##::::::::::::::::::::::::::::::::::::::::::::::::::::::::::: BULLET ENEMY ::::::::::::::::::::::::::::::::::::::::::::::##
#BulletEyeballs
10000	100000	100

##::::::::::::::::::::::::::::::::::::::::::::::::::::::::::: BOSS ::::::::::::::::::::::::::::::::::::::::::::::##
#BOSS
#Head
2300	20300	220	20301	220	20302	220	20303	220

#Attack
2306	20300	220	20301	220	20302	220	20303	220

#DIE
2037	20309	100	20310	100	20311	100	20312	100	20313	100	20314	100

#Hand right
#Claw
2301	20304	100
#Bones
2302	20305	100

#Hand left
#Claw
2303	20306	100
#Bones
2304	20307	100

#BulletBoss
2305	20308	100


###=============== LOAD ANIMATION_SET ================###

# id	ani1	ani2	ani3
# id tuan theo define
[ANIMATION_SETS]
#EYEBALLS
100	2000	2001	7000
#TELEPORTERS
101	2100	2101	7000
#CANNONS
102	2200	2201	2202	7000
#GATE IMAGE
180	99803	99804
#BOSS
120	2300	2306	2037
###==================== LOAD OBJECT ===================###
[OBJECTS]

##<<<<<<<<<<<<<<<<<<<<<<<<<ENEMY>>>>>>>>>>>>>>>>>>>>>>
#ô 1
#EYEBALLS//CANNONE
100	338	1853	100
100	420	1901	100
#TELEPORTERS
#101	80	1890	101
#ô 2
#TELEPORTERS
101	604	1869	101
# ô 3
#CANNONS
102	551	1620	102
# ô 4
100	576	1373	100
100	670	1342	100
#ô 5
#CANNONS
102	371	1396	102
#ô 6
101	371	1121	101
101	332	1057	101
101	414	1057	101
#ô 7 
101	115	1120	101
#ô 8
102	115	887	102
100	184	817	100
# ô 9
100	320	879	100
100	416	879	100
100	376	799	100
# ô 10
100	581	879	100
100	664	879	100
100	628	799	100
#ô 11
102	940	824	102


#BOSS
#120	80	1800	120
##<<<<<<<<<<<<<<<<<BRICK>>>>>>>>>>>>>>>>>>>>>>##
#brick
#dọc trái
1	0	0	22	32	2048
#ngang dưới
1	0	1984	22	2048	50
#dãy 1
1	223	1939	22	65	50
1	223	1820	22	65	80
1	479	1939	22	65	50
1	479	1820	22	65	80
1	735	1939	22	65	50
1	735	1820	22	65	80
1	991	1939	22	65	50
1	991	1820	22	65	80
1	1247	1939	22	65	50
1	1247	1820	22	65	80
1	1503	1820	22	65	170
#dãy 2
1	223	1683	22	65	50
1	223	1564	22	65	80
1	479	1683	22	65	50
1	479	1564	22	65	170
1	735	1683	22	65	50
1	735	1564	22	65	170
1	991	1683	22	65	50
1	991	1564	22	65	80
1	1247	1683	22	65	50
1	1247	1564	22	65	80
1	1503	1564	22	65	170
#dãy 3
1	223	1427	22	65	50
1	223	1308	22	65	170
1	479	1427	22	65	50
1	479	1308	22	65	80
1	735	1427	22	65	50
1	735	1308	22	65	80
1	991	1427	22	65	50
1	991	1308	22	65	80
1	1247	1427	22	65	50
1	1247	1308	22	65	170
1	1503	1308	22	65	170
#dãy 4
1	223	1171	22	65	50
1	223	1052	22	65	80
1	479	1171	22	65	50
1	479	1052	22	65	170
1	735	1171	22	65	50
1	735	1052	22	65	170
1	991	1171	22	65	50
1	991	1052	22	65	170
1	1247	1171	22	65	50
1	1247	1052	22	65	170
1	1503	1052	22	65	170
#dãy 5
1	223	915	22	65	50
1	223	796	22	65	80
1	479	915	22	65	50
1	479	796	22	65	80
1	735	915	22	65	50
1	735	796	22	65	80
1	991	915	22	65	50
1	991	796	22	65	170
1	1247	915	22	65	50
1	1247	796	22	65	170
1	1503	796	22	65	170
#dãy 6
1	735	540	22	65	170
1	991	540	22	65	170
#hàng 1
1	0	1728	22	150	95
1	143	1728	22	140	95
1	256	1728	22	112	95
1	399	1728	22	140	95
1	512	1728	22	112	95
1	655	1728	22	140	95
1	768	1728	22	112	95
1	911	1728	22	140	95
1	1024	1728	22	150	95
1	1167	1728	22	140	95
1	1280	1728	22	150	95
1	1423	1728	22	140	95
#hàng 2
1	0	1472	22	112	95
1	143	1472	22	140	95
1	256	1472	22	150	95
1	399	1472	22	140	95
1	512	1472	22	112	95
1	655	1472	22	140	95
1	768	1472	22	150	95
1	911	1472	22	140	95
1	1024	1472	22	150	95
1	1167	1472	22	140	95
1	1280	1472	22	112	95
1	1423	1472	22	140	95
#hàng 3
1	0	1216	22	150	95
1	143	1216	22	140	95
1	256	1216	22	112	95
1	399	1216	22	140	95
1	512	1216	22	112	95
1	655	1216	22	140	95
1	768	1216	22	112	95
1	911	1216	22	140	95
1	1024	1216	22	112	95
1	1167	1216	22	140	95
1	1280	1216	22	150	95
1	1423	1216	22	140	95
#hàng 4
1	0	960	22	112	95
1	143	960	22	140	95
1	256	960	22	150	95
1	399	960	22	140	95
1	512	960	22	112	95
1	655	960	22	140	95
1	768	960	22	150	95
1	911	960	22	140	95
1	1024	960	22	112	95
1	1167	960	22	140	95
1	1280	960	22	112	95
1	1423	960	22	140	95
#hàng 5
1	0	704	22	150	95
1	143	704	22	140	95
1	256	704	22	150	95
1	399	704	22	140	95
1	512	704	22	150	95
1	655	704	22	140	95
1	768	704	22	112	95
1	911	704	22	140	95
1	1024	704	22	150	95
1	1167	704	22	140	95
1	1280	704	22	112	95
1	1423	704	22	140	95
#hàng 6
1	768	448	22	150	95
1	911	448	22	140	95
#chắn 
1	512	1120	22	270	47
#GateV2
#	gateX	gateY	intoXgo	intoXback	intoYgo	intoYback	typeDirect
#hang dau (tu duoi len)
200	229	1910	255	2	0	0	1
200	485	1910	510	257	0	0	1
200	741	1910	766	512	0	0	1
200	997	1910	1022	768	0	0	1
200	1253	1910	1279	1024	0	0	1
#hang 2 (tu duoi len)
200	229	1654	255	2	0	0	1
200	997	1654	1022	768	0	0	1
200	1253	1654	1279	1024	0	0	1
#hàng 3
200	485	1398	510	257	0	0	1
200	741	1398	766	512	0	0	1
200	997	1398	1022	768	0	0	1
#hàng 4
200	229	1142	255	2	0	0	1
#hàng 5
200	229	886	255	2	0	0	1
200	485	886	510	257	0	0	1
200	741	886	766	512	0	0	1
#dọc 1 
200	374	1732	0	0	1545	1800	2
200	630	1732	0	0	1545	1800	2
200	886	1732	0	0	1545	1800	2
#dọc 2
200	118	1476	0	0	1285	1545	2
200	630	1476	0	0	1285	1545	2
200	1142	1476	0	0	1285	1545	2
#dọc 3
200	374	1220	0	0	1025	1285	2
200	630	1220	0	0	1025	1285	2
200	886	1220	0	0	1025	1285	2
200	1142	1220	0	0	1025	1285	2
#dọc 4
200	118	964	0	0	765	1025	2
200	630	964	0	0	765	1025	2
200	1142	964	0	0	765	1025	2
#dọc 5
200	886	708	0	0	505	765	2

#cục
#1	591	1823	22	17	17
#1	562	1855	22	17	17
#1	657	1855	22	17	17
#1	687	1855	22	17	17
#1	623	1919	22	17	17
#1	655	1919	22	17	17
#1	560	1951	22	17	17
#1	687	1951	22	17	17
#1	591	1823	22	17	17	1	591	1823	22	17	17
#1	562	1855	22	17	17	1	562	1855	22	17	17
#1	657	1855	22	17	17	1	657	1855	22	17	17
#1	687	1855	22	17	17	1	687	1855	22	17	17
#1	591	1887	22	17	17	1	591	1887	22	17	17
#1	623	1919	22	17	17	1	623	1919	22	17	17
#1	655	1919	22	17	17	1	655	1919	22	17	17
#1	560	1951	22	17	17	1	560	1951	22	17	17
#1	687	1951	22	17	17	1	687	1951	22	17	17
#lava brick	
160	800	1823	22	75	35
160	917	1823	22	80	35
160	805	1955	22	200	30
160	870	1926	22	53	33

160	800	1311	22	75	35
160	917	1311	22	80	35
160	805	1443	22	200	30
160	870	1415	22	53	33
#hàng 2 từ dưới  -  cột 3	
160	545	1568	22	68	53
160	545	1668	22	68	53
160	580	1626	22	31	53
160	665	1569	22	1	200
160	714	1569	22	15	200
160	678	1570	22	20	3
160	678	1635	22	20	1
160	678	1698	22	20	30
#hàng 2 từ dưới  -  cột 1	
160	33	1684	22	170	25
160	72	1620	22	81	1
160	185	1600	22	25	21
160	152	1571	22	57	2
#hàng 3 từ dưới  -  cột 2	
160	287	1312	22	68	135
160	411	1312	22	51	52
160	411	1430	22	51	25
160	369	1430	22	51	20
#hàng 5 từ dưới  -  cột 1	
160	33	800	22	20	133
160	33	800	22	170	5
160	202	800	22	18	54
160	106	869	22	45	1
160	155	921	22	50	47
#hàng 5 từ dưới  -  cột 4	
160	801	800	22	69	55
160	843	871	22	76	1
160	922	804	22	48	1
160	970	815	22	20	115
160	801	937	22	170	10
#GATE image
#ngang
#hàng 1 từ dưới lên
104	224	1850	1
104	480	1850	1
104	736	1850	1
104	992	1850	1
104	1248	1850	1
#hàng 2 từ dưới lên
104	224	1594	1
104	992	1594	1
104	1248	1594	1
#hàng 3 từ dưới lên
104	480	1338	1
104	736	1338	1
104	992	1338	1
#hàng 4 từ dưới lên
104	224	1082	1
#hàng 5 từ dưới lên
104	224	826	1
104	480	826	1
104	736	826	1
#dọc 5
104	368	1728.5	0
104	624	1728.5	0
104	880	1728.5	0
#dọc 4
104	112	1472.5	0
104	624	1472.5	0
104	1392	1472.5	0
#dọc 3
104	368	1216.5	0
104	624	1216.5	0
104	880	1216.5	0
104	1136	1216.5	0
#dọc 2
104	112	960.5	0
104	624	960.5	0
104	1136	960.5	0
#dọc 1
104	880	704.5	0